37
0 0.000000 0.000000 0.000000 0.000000 0 0 0 0.000000 0.000000
0 0.000000 0.000000 0.000000 0.000000 0 0 0 0.000000 0.000000
0 0.000000 0.000000 0.000000 0.000000 0 0 0 0.000000 0.000000
0 0.000000 0.000000 0.000000 0.000000 0 0 0 0.000000 0.000000
0 0.000000 0.000000 0.000000 0.000000 0 0 0 0.000000 0.000000
0 0.000000 0.000000 0.000000 0.000000 0 0 0 0.000000 0.000000
0 0.000000 0.000000 0.000000 0.000000 0 0 0 0.000000 0.000000
0 0.000000 0.000000 0.000000 0.000000 0 0 0 0.000000 0.000000
0 0.000000 0.000000 0.000000 0.000000 0 0 0 0.000000 0.000000
0 0.000000 0.000000 0.000000 0.000000 0 0 0 0.000000 0.000000
0 0.000000 0.000000 0.000000 0.000000 0 0 0 0.000000 0.000000
0 0.000000 0.000000 0.000000 0.000000 0 0 0 0.000000 0.000000
0 0.000000 0.000000 0.000000 0.000000 0 0 0 0.000000 0.000000
0 0.000000 0.000000 0.000000 0.000000 0 0 0 0.000000 0.000000
0 0.000000 0.000000 0.000000 0.000000 0 0 0 0.000000 0.000000
0 0.000000 0.000000 0.000000 0.000000 0 0 0 0.000000 0.000000
0 -350.000000 150.000000 50.000000 50.000000 0 0 0 100.000000 2.000000
0 -300.000000 150.000000 50.000000 50.000000 0 0 0 100.000000 2.000000
0 -250.000000 150.000000 50.000000 50.000000 0 0 0 100.000000 2.000000
0 -200.000000 150.000000 50.000000 50.000000 0 0 0 100.000000 2.000000
0 150.000000 150.000000 50.000000 50.000000 0 0 0 100.000000 2.000000
0 200.000000 150.000000 50.000000 50.000000 0 0 0 100.000000 2.000000
0 250.000000 150.000000 50.000000 50.000000 0 0 0 100.000000 2.000000
0 300.000000 150.000000 50.000000 50.000000 0 0 0 100.000000 2.000000
0 350.000000 150.000000 50.000000 50.000000 0 0 0 100.000000 2.000000
0 400.000000 150.000000 50.000000 50.000000 0 0 0 100.000000 2.000000
2 -300.000000 100.000000 50.000000 50.000000 0 0 0 100.000000 2.000000
3 350.000000 100.000000 50.000000 50.000000 0 0 0 100.000000 2.000000
5 -150.000000 150.000000 50.000000 25.000000 0 1 0 250.890259 2.000000
6 -150.000000 100.000000 50.000000 50.000000 0 1 0 100.000000 2.000000
6 100.000000 100.000000 50.000000 50.000000 0 1 0 100.000000 2.000000
5 -400.000000 150.000000 50.000000 25.000000 0 0 1 100.000000 1.500000
0 -450.000000 150.000000 50.000000 50.000000 0 0 0 100.000000 1.500000
0 -500.000000 150.000000 50.000000 50.000000 0 0 0 100.000000 1.500000
0 -550.000000 150.000000 50.000000 50.000000 0 0 0 100.000000 1.500000
0 -600.000000 150.000000 50.000000 50.000000 0 0 0 100.000000 1.500000
5 -700.000000 150.000000 50.000000 50.000000 0 0 2 150.000000 1.500000
