30
0 425.000000 100.000000 50.000000 50.000000 0 0 0 100.000000 1.500000
0 -250.000000 100.000000 50.000000 50.000000 0 0 0 100.000000 1.500000
0 -200.000000 100.000000 50.000000 50.000000 0 0 0 100.000000 1.500000
0 -150.000000 100.000000 50.000000 50.000000 0 0 0 100.000000 1.500000
0 -100.000000 100.000000 50.000000 50.000000 0 0 0 100.000000 1.500000
2 -175.000000 50.000000 50.000000 50.000000 0 0 0 100.000000 1.500000
5 -50.000000 100.000000 50.000000 25.000000 0 1 0 275.000000 1.500000
6 -50.000000 50.000000 50.000000 50.000000 0 1 0 100.000000 1.500000
6 225.000000 50.000000 50.000000 50.000000 0 1 0 100.000000 1.500000
0 275.000000 100.000000 50.000000 50.000000 0 0 0 100.000000 1.500000
0 325.000000 100.000000 50.000000 50.000000 0 0 0 100.000000 1.500000
0 475.000000 100.000000 50.000000 50.000000 0 0 0 100.000000 1.500000
0 475.000000 50.000000 50.000000 50.000000 0 0 0 100.000000 1.500000
0 475.000000 0.000000 50.000000 50.000000 0 0 0 100.000000 1.500000
0 525.000000 -25.000000 50.000000 50.000000 0 0 0 100.000000 1.500000
0 575.000000 -25.000000 50.000000 50.000000 0 0 0 100.000000 1.500000
1 425.000000 75.000000 50.000000 25.000000 0 0 0 100.000000 1.500000
3 850.000000 -200.000000 50.000000 50.000000 180 0 0 100.000000 1.500000
1 575.000000 -75.000000 25.000000 50.000000 90 0 0 100.000000 1.500000
0 625.000000 -25.000000 50.000000 25.000000 180 0 0 100.000000 1.500000
0 675.000000 -25.000000 50.000000 25.000000 180 0 0 100.000000 1.500000
0 725.000000 -25.000000 50.000000 25.000000 180 0 0 100.000000 1.500000
0 775.000000 -25.000000 50.000000 25.000000 180 0 0 100.000000 1.500000
0 775.000000 -50.000000 50.000000 25.000000 180 0 0 100.000000 1.500000
0 800.000000 -100.000000 25.000000 50.000000 90 0 0 100.000000 1.500000
0 800.000000 -150.000000 25.000000 50.000000 90 0 0 100.000000 1.500000
0 850.000000 -150.000000 50.000000 25.000000 180 0 0 100.000000 1.500000
4 475.000000 -50.000000 50.000000 50.000000 0 0 0 100.000000 1.500000
5 100.000000 -75.000000 50.000000 50.000000 0 0 2 100.000000 1.500000
5 -75.000000 -150.000000 50.000000 25.000000 0 0 1 -50.000000 1.500000
