31
0 0.000000 400.000000 800.000000 50.000000 0 0 0 100.000000 1.500000
0 -650.000000 25.000000 50.000000 50.000000 0 0 0 100.000000 1.500000
0 -600.000000 25.000000 50.000000 50.000000 0 0 0 100.000000 1.500000
0 -550.000000 25.000000 50.000000 50.000000 0 0 0 100.000000 1.500000
0 -500.000000 25.000000 50.000000 50.000000 0 0 0 100.000000 1.500000
0 -450.000000 25.000000 50.000000 50.000000 0 0 0 100.000000 1.500000
0 0.000000 25.000000 50.000000 50.000000 0 0 0 100.000000 1.500000
0 -50.000000 25.000000 50.000000 50.000000 0 0 0 100.000000 1.500000
0 -100.000000 25.000000 50.000000 50.000000 0 0 0 100.000000 1.500000
0 -250.000000 25.000000 50.000000 50.000000 0 0 0 100.000000 1.500000
0 -200.000000 25.000000 50.000000 50.000000 0 0 0 100.000000 1.500000
0 -150.000000 25.000000 50.000000 50.000000 0 0 0 100.000000 1.500000
7 -400.000000 25.000000 50.000000 50.000000 0 0 0 100.000000 1.500000
7 -350.000000 25.000000 50.000000 50.000000 0 0 0 100.000000 1.500000
7 -300.000000 25.000000 50.000000 50.000000 0 0 0 100.000000 1.500000
7 -350.000000 -25.000000 50.000000 50.000000 0 0 0 100.000000 1.500000
7 -350.000000 -75.000000 50.000000 50.000000 0 0 0 100.000000 1.500000
7 -350.000000 -125.000000 50.000000 50.000000 0 0 0 100.000000 1.500000
8 50.000000 25.000000 50.000000 50.000000 0 0 0 100.000000 1.500000
8 100.000000 25.000000 50.000000 50.000000 0 0 0 100.000000 1.500000
8 150.000000 25.000000 50.000000 50.000000 0 0 0 100.000000 1.500000
8 200.000000 25.000000 50.000000 50.000000 0 0 0 100.000000 1.500000
8 250.000000 25.000000 50.000000 50.000000 0 0 0 100.000000 1.500000
8 300.000000 25.000000 50.000000 50.000000 0 0 0 100.000000 1.500000
8 300.000000 -25.000000 50.000000 50.000000 0 0 0 100.000000 1.500000
8 300.000000 -75.000000 50.000000 50.000000 0 0 0 100.000000 1.500000
8 300.000000 -125.000000 50.000000 50.000000 0 0 0 100.000000 1.500000
8 300.000000 -175.000000 50.000000 50.000000 0 0 0 100.000000 1.500000
8 300.000000 -225.000000 50.000000 50.000000 0 0 0 100.000000 1.500000
2 -550.000000 -50.000000 50.000000 50.000000 0 0 0 100.000000 1.500000
3 300.000000 -275.000000 50.000000 50.000000 0 0 0 100.000000 1.500000
